10% 20% 30% 40% 50%
0.0985 0.1018 0.1019 0.0999 0.0987 
0.1031 0.1007 0.1005 0.1027 0.1 
0.1013 0.1008 0.1001 0.1024 0.0992 
0.1046 0.1008 0.0995 0.1009 0.1008 
0.0994 0.101 0.1033 0.0994 0.1013 
0.1026 0.1026 0.1015 0.0988 0.0963 
0.1014 0.1028 0.0989 0.0976 0.0946 
0.1025 0.0992 0.1008 0.1015 0.0985 
0.102 0.101 0.0983 0.1028 0.1016 
0.1003 0.0991 0.0996 0.1007 0.0991 
0.1007 0.1025 0.0997 0.1015 0.0969 
0.1023 0.1018 0.1021 0.0969 0.1007 
0.1029 0.1 0.0994 0.0982 0.0982 
0.1022 0.1026 0.0996 0.1007 0.1022 
0.1012 0.1024 0.1023 0.0981 0.1005 
0.101 0.0986 0.0994 0.1004 0.1 
0.1026 0.1 0.1006 0.0968 0.0972 
0.1031 0.1001 0.1012 0.0967 0.1011 
0.1005 0.0993 0.101 0.1007 0.1001 
0.101 0.0999 0.1026 0.0996 0.097 
0.1036 0.1031 0.1033 0.0999 0.0988 
0.1032 0.1027 0.1009 0.1002 0.0998 
0.1025 0.101 0.1039 0.0984 0.0969 
0.0979 0.1004 0.1002 0.1014 0.1018 
0.103 0.1017 0.1001 0.0987 0.0985 
0.1026 0.1001 0.1002 0.1029 0.0968 
0.1017 0.1048 0.1005 0.0985 0.0991 
0.0996 0.1009 0.1018 0.1001 0.0991 
0.1034 0.0999 0.0998 0.1004 0.0983 
0.1016 0.1002 0.0995 0.1015 0.0991 
0.1001 0.1032 0.1006 0.0984 0.0948 
0.099 0.1023 0.1008 0.1009 0.0976 
0.1033 0.1008 0.099 0.0988 0.1018 
0.1016 0.1026 0.1009 0.099 0.0986 
0.1002 0.0985 0.099 0.1025 0.1007 
0.1041 0.1003 0.1002 0.0994 0.0999 
0.1025 0.0998 0.0993 0.0969 0.0989 
0.1015 0.1012 0.1016 0.0992 0.0968 
0.1027 0.1025 0.0995 0.0987 0.0964 
0.0997 0.102 0.0992 0.0995 0.0978 
0.102 0.1023 0.0984 0.0991 0.0983 
0.1019 0.1001 0.1017 0.0981 0.1013 
0.1021 0.1025 0.0988 0.1005 0.1026 
0.102 0.1016 0.1017 0.097 0.0956 
0.1012 0.1003 0.1028 0.0983 0.0974 
0.1015 0.0998 0.1001 0.1029 0.1011 
0.1002 0.1029 0.1034 0.1012 0.101 
0.1002 0.1006 0.1005 0.1022 0.1004 
0.1023 0.1036 0.0991 0.0998 0.1002 
0.0986 0.1018 0.1034 0.0991 0.1 
0.1031 0.1013 0.1005 0.1018 0.1002 
0.1023 0.1014 0.0965 0.0991 0.1003 
0.1039 0.1007 0.1018 0.101 0.1001 
0.103 0.0998 0.1035 0.1002 0.1026 
0.1005 0.1038 0.1013 0.097 0.0998 
0.0999 0.1029 0.1037 0.0987 0.1001 
0.0993 0.1033 0.1018 0.1018 0.0987 
0.1025 0.1013 0.0989 0.1016 0.0996 
0.1014 0.1021 0.0999 0.0987 0.097 
0.1026 0.1034 0.0992 0.0998 0.1005 
0.1032 0.1037 0.1006 0.0993 0.0972 
0.1044 0.101 0.1027 0.0983 0.098 
0.1016 0.0997 0.1002 0.0989 0.0989 
0.0983 0.0999 0.1028 0.0974 0.1031 
0.1012 0.1005 0.1031 0.0985 0.1004 
0.1025 0.1022 0.1021 0.1005 0.1 
0.1004 0.1044 0.1021 0.0977 0.098 
0.0999 0.1001 0.1025 0.1027 0.0999 
0.1008 0.0986 0.0985 0.1015 0.0979 
0.1021 0.1015 0.1024 0.0996 0.0998 
0.1029 0.1002 0.0993 0.1008 0.0971 
0.1011 0.1007 0.1025 0.1002 0.0986 
0.1019 0.1013 0.1027 0.1019 0.0993 
0.1009 0.1019 0.1013 0.0987 0.1012 
0.1014 0.1009 0.1019 0.1004 0.0988 
0.0997 0.1036 0.1022 0.1022 0.0996 
0.1006 0.1006 0.1003 0.101 0.0995 
0.1017 0.1007 0.1024 0.1005 0.0979 
0.1045 0.1004 0.0995 0.1001 0.0999 
0.1015 0.101 0.101 0.0986 0.0997 
0.101 0.101 0.1014 0.1019 0.0973 
0.1018 0.1003 0.1001 0.1018 0.0984 
0.1011 0.1024 0.1007 0.0977 0.0994 
0.1002 0.1023 0.0992 0.0996 0.0998 
0.1009 0.1046 0.1017 0.1025 0.0998 
0.1024 0.1034 0.1017 0.0976 0.1014 
0.1002 0.0994 0.0997 0.0989 0.1032 
0.1018 0.1042 0.0999 0.1016 0.0979 
0.1018 0.1003 0.102 0.0978 0.0987 
0.1029 0.1003 0.105 0.1051 0.0994 
0.1006 0.1007 0.1023 0.1004 0.0977 
0.1033 0.1002 0.1017 0.1023 0.1005 
0.1025 0.1011 0.1006 0.0985 0.0993 
0.1018 0.1021 0.101 0.0985 0.0969 
0.1022 0.1009 0.0995 0.0991 0.098 
0.1041 0.1014 0.1009 0.0981 0.1001 
0.104 0.1023 0.1002 0.1014 0.0984 
0.1003 0.1045 0.0973 0.0998 0.1011 
0.1034 0.1014 0.1001 0.1001 0.0991 
0.1016 0.1024 0.0987 0.1009 0.101 
